7718.0	2014.0	1.0	3.0	0.0	3.0	0.0	0.0	0.0	6323.0	5350.0	0.0	152153.0	2.0	4.0,4.0,4.0,3.0,	4.0,5.0,5.0,
13871.0	2014.0	1.0	7.0	0.0	6.0	1.0	0.0	7.7	5567.0	6996.0	1.0	254257.0	2.0	4.0,4.0,3.0,3.0,	5.0,5.0,5.0,
32376.0	2014.0	1.0	10.0	0.0	1.0	0.0	1.0	5.32	7325.0	13947.0	1.0	352043.0	2.0	4.0,4.0,3.0,1.0,	5.0,4.0,5.0,
8089.0	2014.0	1.0	11.0	0.0	6.0	0.0	0.0	0.0	0.0	1414.0	0.0	164814.0	3.0	3.0,3.0,4.0,3.0,	5.0,3.0,
8621.0	2014.0	1.0	16.0	0.0	6.0	1.0	1.0	0.0	0.0	3392.0	0.0	158847.0	1.0	1.0,1.0,4.0,3.0,	5.0,4.0,3.0,
24785.0	2014.0	1.0	17.0	0.0	5.0	1.0	0.0	0.2	1143.0	33599.0	0.0	266674.0	1.0	1.0,1.0,1.0,1.0,	4.0,
16059.0	2014.0	1.0	17.0	0.0	5.0	0.0	0.0	4.2	279.0	6327.0	1.0	240317.0	3.0	4.0,4.0,3.0,4.0,	4.0,5.0,5.0,
104506.0	2014.0	1.0	31.0	7.0	4.0	1.0	0.0	4.5	6680.0	28900.0	0.0	633951.0	3.0	4.0,4.0,3.0,3.0,	5.0,
69614.0	2014.0	1.0	31.0	7.0	4.0	1.0	0.0	0.5	2711121.0	157587.0	0.0	549022.0	2.0	3.0,2.0,3.0,2.0,	4.0,3.0,
52464.0	2014.0	1.0	31.0	7.0	4.0	0.0	0.0	0.0	59258.0	12188.0	0.0	531749.0	3.0	4.0,4.0,2.0,3.0,	4.0,5.0,5.0,
12961.0	2014.0	1.0	31.0	7.0	4.0	0.0	0.0	0.0	3418.0	8302.0	0.0	177291.0	1.0	3.0,3.0,3.0,2.0,	5.0,3.0,
29818.0	2014.0	2.0	5.0	0.0	5.0	0.0	0.0	10.5	0.0	13420.0	1.0	300609.0	4.0	4.0,2.0,3.0,2.0,	5.0,4.0,5.0,
40538.0	2014.0	2.0	13.0	0.0	6.0	1.0	0.0	0.0	9570.0	14819.0	0.0	443389.0	3.0	4.0,4.0,3.0,4.0,	4.0,3.0,
46259.0	2014.0	2.0	21.0	0.0	3.0	1.0	1.0	15.75	23947.0	14922.0	1.0	444180.0	4.0	4.0,4.0,4.0,4.0,	4.0,5.0,5.0,
31479.0	2014.0	2.0	28.0	0.0	3.0	1.0	0.0	7.0	23081.0	23740.0	1.0	447848.0	3.0	3.0,4.0,3.0,4.0,	5.0,3.0,5.0,
41155.0	2014.0	3.0	14.0	0.0	1.0	1.0	0.0	4.62	8296.0	12605.0	1.0	519267.0	2.0	4.0,3.0,2.0,2.0,	4.0,5.0,3.0,
7484.0	2014.0	3.0	17.0	0.0	3.0	1.0	0.0	2.8	3980.0	8112.0	1.0	203051.0	4.0	4.0,4.0,4.0,4.0,	4.0,5.0,5.0,
10233.0	2014.0	3.0	21.0	0.0	4.0	0.0	0.0	0.2	13967.0	6627.0	0.0	241678.0	3.0	4.0,4.0,3.0,2.0,	4.0,3.0,2.0,
7456.0	2014.0	3.0	21.0	0.0	4.0	0.0	0.0	0.0	1555.0	3710.0	0.0	118739.0	1.0	3.0,3.0,1.0,3.0,	5.0,5.0,5.0,
12156.0	2014.0	3.0	28.0	3.0	4.0	0.0	0.0	10.15	0.0	2368.0	1.0	225668.0	2.0	3.0,4.0,2.0,2.0,	5.0,4.0,5.0,
71837.0	2014.0	4.0	4.0	3.0	0.0	1.0	1.0	11.9	5367.0	15509.0	1.0	636884.0	2.0	4.0,4.0,4.0,3.0,	5.0,5.0,5.0,
8439.0	2014.0	4.0	4.0	3.0	3.0	0.0	0.0	0.0	3427.0	3169.0	0.0	240670.0	2.0	4.0,3.0,2.0,3.0,	5.0,3.0,
24240.0	2014.0	4.0	11.0	0.0	4.0	0.0	1.0	7.07	1402.0	7159.0	1.0	328185.0	2.0	4.0,4.0,2.0,1.0,	5.0,4.0,5.0,
12582.0	2014.0	4.0	18.0	0.0	4.0	0.0	0.0	7.0	2943.0	6990.0	1.0	245407.0	2.0	4.0,4.0,4.0,4.0,	4.0,5.0,5.0,
10831.0	2014.0	4.0	18.0	0.0	4.0	0.0	0.0	1.04	2477.0	10660.0	0.0	244748.0	3.0	4.0,4.0,2.0,2.0,	5.0,3.0,
45558.0	2014.0	4.0	25.0	3.0	1.0	1.0	0.0	0.2	17599.0	28097.0	0.0	642046.0	2.0	4.0,4.0,2.0,2.0,	4.0,3.0,
14262.0	2014.0	4.0	25.0	3.0	5.0	0.0	0.0	2.0	1774.0	2226.0	0.0	268007.0	2.0	4.0,3.0,3.0,4.0,	5.0,5.0,
27376.0	2014.0	4.0	29.0	3.0	3.0	0.0	0.0	0.0	36446.0	6375.0	0.0	463976.0	3.0	4.0,4.0,3.0,3.0,	4.0,5.0,2.0,
58539.0	2014.0	5.0	4.0	0.0	1.0	1.0	1.0	14.0	13318.0	58942.0	1.0	694636.0	3.0	4.0,4.0,4.0,4.0,	5.0,5.0,5.0,
29138.0	2014.0	5.0	16.0	0.0	1.0	1.0	0.0	0.4	0.0	17112.0	0.0	436109.0	4.0	4.0,4.0,3.0,3.0,	4.0,3.0,3.0,
72276.0	2014.0	5.0	23.0	3.0	2.0	1.0	1.0	14.0	15217.0	31634.0	1.0	606696.0	3.0	4.0,4.0,4.0,4.0,	5.0,5.0,5.0,
30816.0	2014.0	5.0	29.0	3.0	3.0	0.0	1.0	1.0	6066.0	12557.0	0.0	453181.0	3.0	4.0,4.0,4.0,4.0,	5.0,3.0,
40630.0	2014.0	6.0	6.0	0.0	4.0	0.0	0.0	12.46	3273.0	18673.0	1.0	455230.0	3.0	4.0,4.0,2.0,3.0,	5.0,5.0,
48126.0	2014.0	6.0	13.0	0.0	5.0	1.0	0.0	11.2	18790.0	40808.0	1.0	478342.0	2.0	4.0,4.0,4.0,4.0,	5.0,5.0,5.0,
29614.0	2014.0	6.0	20.0	0.0	4.0	1.0	0.0	12.6	3976.0	10654.0	1.0	327646.0	2.0	4.0,4.0,3.0,3.0,	4.0,5.0,5.0,
197681.0	2014.0	6.0	27.0	0.0	3.0	1.0	1.0	11.55	59362.0	136670.0	1.0	898357.0	4.0	4.0,4.0,3.0,2.0,	5.0,5.0,5.0,
66517.0	2014.0	6.0	27.0	0.0	3.0	0.0	0.0	0.3	18447.0	27313.0	0.0	562945.0	4.0	4.0,4.0,1.0,4.0,	4.0,5.0,3.0,
20883.0	2014.0	7.0	10.0	0.0	2.0	0.0	1.0	0.3	5791.0	33170.0	0.0	269386.0	3.0	3.0,3.0,2.0,2.0,	4.0,5.0,5.0,
52153.0	2014.0	7.0	17.0	0.0	3.0	1.0	1.0	0.2	47458.0	75608.0	0.0	481850.0	3.0	4.0,4.0,4.0,3.0,	4.0,5.0,3.0,
41174.0	2014.0	7.0	18.0	0.0	3.0	0.0	0.0	0.4	5682.0	73178.0	0.0	390378.0	2.0	4.0,3.0,3.0,4.0,	4.0,5.0,
62888.0	2014.0	7.0	24.0	0.0	3.0	0.0	0.0	0.51	122146.0	201814.0	0.0	568192.0	3.0	3.0,4.0,4.0,3.0,	4.0,3.0,5.0,
20466.0	2014.0	7.0	30.0	0.0	4.0	0.0	0.0	0.2	1855.0	14598.0	0.0	284992.0	3.0	4.0,4.0,4.0,4.0,	4.0,3.0,
38917.0	2014.0	7.0	31.0	0.0	4.0	1.0	0.0	0.0	11112.0	14190.0	0.0	412548.0	3.0	4.0,3.0,3.0,3.0,	4.0,5.0,2.0,
18735.0	2014.0	8.0	1.0	0.0	4.0	0.0	0.0	1.96	8160.0	10490.0	1.0	243482.0	1.0	4.0,3.0,3.0,1.0,	4.0,5.0,3.0,
9322.0	2014.0	8.0	7.0	0.0	3.0	0.0	0.0	0.3	322314.0	3995.0	0.0	170226.0	2.0	4.0,4.0,4.0,3.0,	3.0,1.0,2.0,
40301.0	2014.0	8.0	14.0	0.0	3.0	0.0	1.0	10.15	15073.0	16830.0	1.0	437916.0	2.0	3.0,4.0,2.0,4.0,	5.0,4.0,5.0,
9754.0	2014.0	8.0	15.0	0.0	5.0	0.0	0.0	7.0	957.0	2402.0	1.0	168352.0	4.0	4.0,3.0,3.0,3.0,	4.0,5.0,5.0,
9522.0	2014.0	8.0	16.0	0.0	5.0	0.0	0.0	0.48	2541.0	1465.0	0.0	211915.0	2.0	4.0,3.0,3.0,2.0,	4.0,3.0,
10104.0	2014.0	8.0	21.0	0.0	5.0	0.0	0.0	0.0	4620.0	2370.0	0.0	218057.0	2.0	4.0,4.0,4.0,3.0,	5.0,3.0,
19224.0	2014.0	8.0	22.0	0.0	6.0	0.0	1.0	2.0	0.0	9401.0	0.0	270491.0	3.0	4.0,4.0,3.0,3.0,	5.0,1.0,2.0,
70785.0	2014.0	8.0	29.0	0.0	2.0	0.0	1.0	11.9	15518.0	40199.0	1.0	628021.0	2.0	3.0,1.0,4.0,3.0,	4.0,5.0,5.0,
45191.0	2014.0	9.0	1.0	3.0	2.0	0.0	1.0	7.0	73317.0	70802.0	1.0	559899.0	2.0	4.0,4.0,4.0,4.0,	5.0,5.0,5.0,
22781.0	2014.0	9.0	5.0	3.0	4.0	0.0	0.0	0.8	0.0	22374.0	0.0	354269.0	1.0	4.0,4.0,2.0,1.0,	4.0,3.0,
7656.0	2014.0	9.0	8.0	1.0	4.0	1.0	0.0	6.02	1722.0	7908.0	1.0	147811.0	2.0	4.0,3.0,4.0,4.0,	3.0,5.0,5.0,
11025.0	2014.0	9.0	12.0	0.0	4.0	0.0	0.0	3.5	1100.0	2611.0	1.0	247651.0	1.0	4.0,3.0,2.0,2.0,	5.0,5.0,
10526.0	2014.0	9.0	19.0	0.0	3.0	0.0	0.0	3.5	1261.0	2343.0	1.0	229762.0	3.0	4.0,4.0,1.0,4.0,	5.0,5.0,2.0,
7681.0	2014.0	9.0	19.0	0.0	3.0	0.0	0.0	0.0	5778.0	11913.0	0.0	227673.0	3.0	4.0,4.0,3.0,4.0,	4.0,3.0,2.0,
34461.0	2014.0	9.0	25.0	7.0	2.0	0.0	0.0	0.3	109049.0	13536.0	0.0	396820.0	4.0	4.0,4.0,4.0,3.0,	4.0,3.0,
116973.0	2014.0	9.0	30.0	7.0	2.0	0.0	0.0	0.35	17557.0	35398.0	0.0	808864.0	4.0	4.0,4.0,4.0,2.0,	4.0,5.0,
20429.0	2014.0	10.0	1.0	7.0	2.0	0.0	1.0	1.28	3503.0	9046.0	0.0	243488.0	2.0	4.0,4.0,4.0,4.0,	4.0,5.0,
59635.0	2014.0	10.0	10.0	0.0	2.0	0.0	0.0	11.9	18048.0	21231.0	1.0	586606.0	3.0	4.0,4.0,2.0,4.0,	5.0,5.0,5.0,
8277.0	2014.0	10.0	21.0	0.0	4.0	1.0	0.0	7.0	0.0	1907.0	1.0	184329.0	2.0	4.0,3.0,3.0,4.0,	5.0,5.0,
27792.0	2014.0	10.0	24.0	0.0	4.0	0.0	0.0	2.8	15615.0	24354.0	1.0	350515.0	4.0	4.0,4.0,3.0,4.0,	5.0,5.0,
15056.0	2014.0	10.0	28.0	0.0	4.0	1.0	0.0	2.38	0.0	5526.0	1.0	254734.0	2.0	3.0,4.0,4.0,2.0,	5.0,2.0,5.0,
38743.0	2014.0	10.0	31.0	0.0	1.0	1.0	1.0	8.75	19681.0	22539.0	1.0	480380.0	1.0	4.0,3.0,4.0,2.0,	5.0,5.0,5.0,
11883.0	2014.0	10.0	31.0	0.0	4.0	0.0	0.0	1.52	6502.0	9202.0	0.0	223695.0	2.0	4.0,3.0,4.0,3.0,	5.0,
19861.0	2014.0	11.0	11.0	0.0	4.0	0.0	1.0	0.0	1860.0	6559.0	0.0	278466.0	4.0	4.0,4.0,4.0,3.0,	4.0,3.0,
75512.0	2014.0	11.0	12.0	0.0	1.0	0.0	0.0	11.55	3041.0	12249.0	1.0	542233.0	2.0	4.0,3.0,4.0,4.0,	5.0,5.0,5.0,
25308.0	2014.0	11.0	14.0	0.0	4.0	0.0	0.0	5.6	3246.0	5674.0	1.0	281859.0	1.0	4.0,4.0,4.0,4.0,	5.0,4.0,5.0,
18204.0	2014.0	11.0	21.0	0.0	5.0	1.0	0.0	1.3	54066.0	19101.0	0.0	250141.0	2.0	4.0,3.0,3.0,3.0,	4.0,5.0,1.0,
11896.0	2014.0	11.0	21.0	0.0	5.0	0.0	0.0	4.76	5008.0	7336.0	1.0	192494.0	2.0	4.0,4.0,4.0,3.0,	4.0,5.0,5.0,
23007.0	2014.0	11.0	28.0	0.0	4.0	1.0	0.0	0.0	2114.0	4954.0	0.0	364345.0	4.0	4.0,3.0,3.0,3.0,	5.0,3.0,
19530.0	2014.0	12.0	2.0	0.0	3.0	0.0	0.0	4.0	0.0	12160.0	0.0	313540.0	4.0	4.0,4.0,4.0,3.0,	3.0,5.0,3.0,
58795.0	2014.0	12.0	5.0	0.0	2.0	1.0	0.0	0.4	395118.0	172107.0	0.0	331008.0	3.0	4.0,4.0,3.0,2.0,	4.0,3.0,
16093.0	2014.0	12.0	12.0	0.0	3.0	0.0	0.0	0.0	4788.0	14978.0	0.0	279155.0	3.0	4.0,3.0,4.0,3.0,	5.0,3.0,
51439.0	2014.0	12.0	18.0	3.0	3.0	0.0	0.0	3.0	29082.0	35446.0	0.0	416452.0	4.0	4.0,4.0,4.0,4.0,	4.0,5.0,5.0,
88419.0	2014.0	12.0	23.0	3.0	4.0	0.0	0.0	2.0	4627.0	42945.0	0.0	622880.0	4.0	4.0,4.0,4.0,4.0,	5.0,5.0,5.0,
28400.0	2014.0	12.0	24.0	3.0	3.0	0.0	0.0	0.5	0.0	7538.0	0.0	352527.0	4.0	4.0,3.0,4.0,1.0,	4.0,3.0,
12000.0	2014.0	12.0	31.0	3.0	4.0	1.0	0.0	0.1	1424.0	45484.0	0.0	181359.0	2.0	3.0,2.0,2.0,2.0,	5.0,4.0,5.0,
32322.0	2015.0	1.0	4.0	0.0	3.0	0.0	1.0	8.89	1678.0	10441.0	1.0	489798.0	2.0	4.0,4.0,4.0,4.0,	5.0,5.0,3.0,5.0,
36624.0	2015.0	1.0	8.0	0.0	3.0	0.0	0.0	0.2	183110.0	30815.0	0.0	514295.0	3.0	4.0,4.0,4.0,3.0,	5.0,3.0,5.0,
17293.0	2015.0	1.0	16.0	0.0	2.0	1.0	0.0	6.72	0.0	5555.0	1.0	301479.0	2.0	4.0,4.0,4.0,4.0,	5.0,5.0,
76634.0	2015.0	1.0	23.0	0.0	2.0	1.0	1.0	22.4	16374.0	23373.0	1.0	606079.0	4.0	4.0,4.0,4.0,4.0,	5.0,5.0,5.0,
43424.0	2015.0	1.0	30.0	0.0	1.0	1.0	0.0	0.2	2454262.0	677135.0	0.0	526920.0	1.0	4.0,3.0,3.0,3.0,	5.0,
29537.0	2015.0	1.0	30.0	0.0	3.0	1.0	1.0	1.0	14178.0	31293.0	0.0	338535.0	1.0	1.0,1.0,1.0,1.0,	5.0,4.0,
22504.0	2015.0	2.0	8.0	7.0	3.0	1.0	1.0	8.75	0.0	15327.0	1.0	298232.0	2.0	4.0,3.0,3.0,4.0,	5.0,5.0,5.0,
28354.0	2015.0	2.0	10.0	7.0	8.0	0.0	0.0	0.5	22084.0	35746.0	0.0	343819.0	4.0	4.0,3.0,4.0,1.0,	5.0,3.0,
97466.0	2015.0	2.0	19.0	7.0	4.0	0.0	1.0	1.3	8896.0	31574.0	0.0	618591.0	3.0	4.0,4.0,4.0,4.0,	4.0,5.0,5.0,
74394.0	2015.0	2.0	19.0	7.0	4.0	0.0	0.0	4.55	55869.0	37979.0	0.0	443267.0	2.0	4.0,4.0,4.0,2.0,	4.0,5.0,5.0,5.0,
69867.0	2015.0	2.0	19.0	3.0	5.0	0.0	0.0	3.0	4478.0	17363.0	0.0	441749.0	3.0	2.0,3.0,3.0,2.0,	4.0,5.0,
40888.0	2015.0	2.0	19.0	7.0	4.0	0.0	1.0	2.3	11927.0	21711.0	0.0	286882.0	2.0	4.0,4.0,4.0,4.0,	5.0,5.0,1.0,
22336.0	2015.0	2.0	19.0	7.0	8.0	1.0	1.0	0.3	6320.0	5163.0	0.0	211520.0	2.0	4.0,2.0,3.0,2.0,	3.0,2.0,2.0,
15644.0	2015.0	2.0	19.0	7.0	8.0	1.0	0.0	0.64	3941.0	10223.0	0.0	150421.0	3.0	4.0,4.0,4.0,4.0,	4.0,
11620.0	2015.0	2.0	19.0	7.0	8.0	1.0	0.0	0.7	6432.0	17967.0	0.0	91731.0	2.0	3.0,2.0,3.0,2.0,	5.0,3.0,
52671.0	2015.0	2.0	28.0	0.0	5.0	0.0	0.0	11.55	8392.0	16229.0	1.0	529194.0	2.0	1.0,2.0,3.0,3.0,	5.0,5.0,4.0,5.0,
28436.0	2015.0	3.0	6.0	0.0	2.0	0.0	0.0	12.32	3177.0	10388.0	1.0	386249.0	4.0	4.0,4.0,3.0,4.0,	5.0,5.0,5.0,
44493.0	2015.0	3.0	13.0	0.0	2.0	1.0	0.0	0.0	11247.0	12477.0	1.0	565533.0	3.0	4.0,3.0,3.0,3.0,	4.0,3.0,5.0,5.0,
21609.0	2015.0	3.0	20.0	0.0	3.0	0.0	0.0	0.8	34666.0	36624.0	0.0	395859.0	2.0	4.0,3.0,4.0,4.0,	4.0,3.0,
20440.0	2015.0	3.0	20.0	0.0	3.0	0.0	1.0	3.36	19392.0	10047.0	1.0	354348.0	2.0	4.0,3.0,3.0,3.0,	5.0,5.0,3.0,
48498.0	2015.0	3.0	27.0	3.0	3.0	0.0	0.0	5.67	3946.0	5994.0	1.0	468588.0	3.0	4.0,4.0,4.0,4.0,	5.0,5.0,3.0,5.0,
54442.0	2015.0	4.0	2.0	3.0	2.0	0.0	0.0	0.5	19262.0	45200.0	0.0	571925.0	3.0	3.0,4.0,3.0,2.0,	5.0,5.0,
28445.0	2015.0	4.0	2.0	3.0	3.0	1.0	0.0	0.5	2835.0	17924.0	0.0	378827.0	2.0	4.0,3.0,3.0,3.0,	3.0,
242655.0	2015.0	4.0	12.0	0.0	4.0	0.0	1.0	17.5	32840.0	117868.0	1.0	1384762.0	4.0	4.0,4.0,4.0,4.0,	5.0,5.0,3.0,
14832.0	2015.0	4.0	17.0	0.0	3.0	1.0	0.0	0.5	0.0	16686.0	0.0	242874.0	3.0	4.0,3.0,3.0,3.0,	4.0,3.0,
48522.0	2015.0	4.0	24.0	3.0	3.0	1.0	0.0	0.6	28923.0	115519.0	0.0	535131.0	3.0	3.0,3.0,4.0,4.0,	4.0,3.0,
17215.0	2015.0	4.0	24.0	3.0	4.0	1.0	0.0	9.1	1741.0	2666.0	1.0	233967.0	1.0	4.0,3.0,3.0,3.0,	4.0,5.0,5.0,5.0,
35351.0	2015.0	4.0	30.0	3.0	3.0	1.0	0.0	0.0	3227809.0	102618.0	0.0	508111.0	2.0	3.0,4.0,3.0,4.0,	4.0,3.0,
20974.0	2015.0	4.0	30.0	3.0	4.0	0.0	0.0	2.0	0.0	19346.0	0.0	273159.0	2.0	4.0,4.0,4.0,3.0,	4.0,5.0,3.0,2.0,
10369.0	2015.0	5.0	8.0	0.0	3.0	0.0	0.0	3.5	2847.0	5058.0	1.0	246827.0	3.0	3.0,0.0,0.0,2.0,	5.0,5.0,5.0,
146438.0	2015.0	5.0	12.0	0.0	3.0	1.0	1.0	17.5	34218.0	113240.0	1.0	1189552.0	3.0	4.0,4.0,4.0,4.0,	5.0,5.0,5.0,5.0,
11817.0	2015.0	5.0	22.0	0.0	3.0	0.0	0.0	0.0	1314.0	3947.0	1.0	245555.0	3.0	4.0,3.0,2.0,2.0,	4.0,5.0,3.0,5.0,
11845.0	2015.0	5.0	26.0	0.0	3.0	0.0	0.0	13.3	1585.0	6646.0	1.0	326750.0	3.0	4.0,4.0,3.0,3.0,	5.0,2.0,5.0,
53028.0	2015.0	5.0	28.0	0.0	3.0	1.0	1.0	0.0	21176.0	16006.0	1.0	644246.0	2.0	2.0,2.0,4.0,1.0,	4.0,4.0,3.0,
62967.0	2015.0	6.0	2.0	0.0	3.0	0.0	0.0	7.0	2560.0	9497.0	1.0	655381.0	1.0	4.0,3.0,4.0,3.0,	4.0,5.0,5.0,
142066.0	2015.0	6.0	10.0	3.0	4.0	1.0	0.0	10.5	12811.0	28332.0	1.0	1064533.0	2.0	4.0,3.0,3.0,3.0,	5.0,5.0,5.0,5.0,
56035.0	2015.0	6.0	18.0	3.0	4.0	0.0	1.0	1.8	17542.0	146533.0	0.0	574816.0	3.0	3.0,3.0,3.0,4.0,	5.0,3.0,
11014.0	2015.0	6.0	19.0	3.0	3.0	0.0	1.0	7.7	3505.0	5134.0	1.0	171176.0	2.0	4.0,3.0,3.0,3.0,	3.0,5.0,5.0,5.0,
32233.0	2015.0	6.0	26.0	0.0	6.0	0.0	0.0	0.8	11188.0	10193.0	0.0	423343.0	1.0	4.0,3.0,3.0,3.0,	5.0,3.0,5.0,5.0,
40076.0	2015.0	7.0	3.0	0.0	7.0	0.0	0.0	2.0	143610.0	58964.0	0.0	366801.0	4.0	3.0,3.0,4.0,3.0,	5.0,5.0,5.0,
48856.0	2015.0	7.0	9.0	0.0	6.0	1.0	1.0	0.2	39739.0	53566.0	0.0	430792.0	3.0	4.0,4.0,3.0,4.0,	4.0,5.0,3.0,
95632.0	2015.0	7.0	10.0	0.0	6.0	1.0	0.0	1.0	6547.0	57611.0	0.0	550138.0	2.0	2.0,1.0,1.0,2.0,	5.0,5.0,4.0,5.0,
37900.0	2015.0	7.0	10.0	0.0	6.0	0.0	0.0	0.2	33948.0	64865.0	0.0	335843.0	3.0	4.0,3.0,3.0,2.0,	4.0,3.0,
243944.0	2015.0	7.0	16.0	0.0	5.0	0.0	0.0	3.5	13384.0	86350.0	0.0	1120255.0	2.0	4.0,3.0,3.0,3.0,	4.0,5.0,5.0,
116014.0	2015.0	7.0	17.0	0.0	5.0	0.0	0.0	0.21	70519.0	91665.0	0.0	760809.0	3.0	3.0,3.0,3.0,2.0,	4.0,5.0,
14884.0	2015.0	7.0	30.0	0.0	2.0	0.0	0.0	0.0	0.0	1898.0	0.0	12884.0	3.0	4.0,4.0,4.0,4.0,	4.0,5.0,3.0,
13392.0	2015.0	7.0	30.0	0.0	2.0	1.0	0.0	2.0	1407.0	26845.0	0.0	227144.0	1.0	4.0,3.0,3.0,3.0,	3.0,1.0,
14528.0	2015.0	8.0	6.0	0.0	3.0	0.0	0.0	0.76	3369.0	36221.0	0.0	267124.0	3.0	4.0,3.0,3.0,3.0,	4.0,3.0,1.0,
51098.0	2015.0	8.0	13.0	0.0	3.0	0.0	0.0	0.4	3840.0	15580.0	0.0	540794.0	2.0	4.0,4.0,3.0,2.0,	5.0,3.0,
17336.0	2015.0	8.0	20.0	3.0	4.0	0.0	0.0	0.0	4597.0	8589.0	0.0	230031.0	1.0	4.0,4.0,3.0,3.0,	5.0,3.0,
72522.0	2015.0	8.0	23.0	3.0	4.0	0.0	1.0	10.85	18297.0	15278.0	1.0	766506.0	4.0	4.0,1.0,4.0,3.0,	5.0,5.0,5.0,5.0,
30480.0	2015.0	8.0	27.0	3.0	5.0	0.0	0.0	0.6	108153.0	17232.0	0.0	445238.0	3.0	4.0,4.0,3.0,3.0,	4.0,3.0,2.0,
41343.0	2015.0	8.0	28.0	3.0	5.0	1.0	0.0	0.0	4715.0	9735.0	0.0	148046.0	1.0	3.0,2.0,2.0,2.0,	5.0,3.0,
86953.0	2015.0	9.0	8.0	0.0	5.0	0.0	1.0	10.5	34262.0	30262.0	1.0	952089.0	2.0	4.0,4.0,4.0,2.0,	5.0,5.0,5.0,
43571.0	2015.0	9.0	13.0	3.0	6.0	0.0	1.0	5.18	6071.0	12974.0	1.0	621444.0	1.0	2.0,4.0,4.0,3.0,	5.0,4.0,3.0,
161309.0	2015.0	9.0	25.0	10.0	4.0	0.0	1.0	0.6	56721.0	78272.0	0.0	1124296.0	4.0	4.0,4.0,2.0,4.0,	4.0,5.0,
144133.0	2015.0	9.0	30.0	7.0	4.0	0.0	0.0	0.21	11652.0	8790.0	0.0	1109563.0	2.0	3.0,2.0,3.0,4.0,	4.0,5.0,
68266.0	2015.0	9.0	30.0	7.0	4.0	1.0	0.0	0.9	2180.0	41835.0	0.0	597664.0	3.0	4.0,3.0,4.0,3.0,	5.0,5.0,5.0,5.0,
19590.0	2015.0	9.0	30.0	7.0	3.0	0.0	0.0	0.8	18916.0	25962.0	0.0	267765.0	2.0	4.0,4.0,2.0,4.0,	5.0,3.0,
67171.0	2015.0	10.0	16.0	0.0	2.0	1.0	0.0	9.1	25212.0	22662.0	1.0	784611.0	2.0	4.0,4.0,3.0,3.0,	5.0,5.0,
15844.0	2015.0	10.0	16.0	0.0	1.0	1.0	0.0	5.425	2825.0	12284.0	1.0	230280.0	2.0	4.0,4.0,3.0,2.0,	4.0,5.0,
11968.0	2015.0	10.0	27.0	0.0	3.0	0.0	1.0	5.6	1973.0	3483.0	1.0	247785.0	2.0	4.0,3.0,3.0,3.0,	5.0,4.0,3.0,
21519.0	2015.0	10.0	30.0	0.0	3.0	0.0	0.0	0.38	21958.0	12246.0	0.0	368204.0	2.0	4.0,4.0,2.0,3.0,	4.0,3.0,2.0,
19685.0	2015.0	11.0	4.0	0.0	4.0	1.0	1.0	4.27	13061.0	9862.0	1.0	349471.0	2.0	3.0,2.0,4.0,4.0,	5.0,5.0,5.0,
25194.0	2015.0	11.0	6.0	0.0	4.0	0.0	1.0	0.0	1760.0	3337.0	0.0	418872.0	1.0	3.0,4.0,3.0,4.0,	5.0,3.0,
54199.0	2015.0	11.0	13.0	0.0	2.0	0.0	1.0	24.5	8015.0	11346.0	1.0	580413.0	4.0	4.0,4.0,4.0,4.0,	5.0,5.0,5.0,2.0,
35930.0	2015.0	11.0	19.0	0.0	2.0	0.0	0.0	0.16	83817.0	19556.0	0.0	494639.0	2.0	3.0,3.0,2.0,2.0,	4.0,3.0,
14348.0	2015.0	11.0	20.0	0.0	4.0	1.0	1.0	11.2	685.0	4651.0	1.0	238904.0	2.0	4.0,3.0,3.0,4.0,	5.0,5.0,5.0,
12843.0	2015.0	11.0	20.0	0.0	4.0	0.0	0.0	1.54	0.0	2454.0	1.0	242096.0	1.0	3.0,3.0,2.0,1.0,	5.0,5.0,3.0,
58652.0	2015.0	11.0	25.0	0.0	2.0	0.0	0.0	7.56	19473.0	17785.0	1.0	625593.0	4.0	4.0,4.0,3.0,3.0,	5.0,5.0,5.0,
15942.0	2015.0	12.0	3.0	0.0	3.0	0.0	0.0	0.2	14989.0	13328.0	0.0	341356.0	1.0	4.0,4.0,3.0,3.0,	5.0,3.0,
24796.0	2015.0	12.0	4.0	0.0	3.0	0.0	0.0	10.5	1045.0	2517.0	1.0	398229.0	1.0	2.0,3.0,4.0,2.0,	5.0,5.0,3.0,
11172.0	2015.0	12.0	4.0	0.0	3.0	0.0	0.0	0.0	1078.0	1668.0	0.0	261973.0	2.0	3.0,2.0,3.0,2.0,	4.0,5.0,5.0,5.0,
168205.0	2015.0	12.0	18.0	0.0	4.0	1.0	0.0	1.8	25539.0	39558.0	0.0	979088.0	3.0	4.0,4.0,4.0,4.0,	4.0,5.0,5.0,5.0,
32226.0	2015.0	12.0	18.0	0.0	4.0	1.0	0.0	0.8	40020.0	93035.0	0.0	372182.0	3.0	4.0,3.0,4.0,3.0,	5.0,
90260.0	2015.0	12.0	24.0	3.0	5.0	0.0	0.0	0.6	160121.0	50465.0	0.0	633841.0	4.0	4.0,4.0,3.0,4.0,	4.0,5.0,
64926.0	2015.0	12.0	24.0	3.0	5.0	0.0	0.0	0.8	16042.0	24348.0	0.0	473366.0	4.0	4.0,4.0,2.0,1.0,	5.0,
82347.0	2015.0	12.0	31.0	3.0	5.0	0.0	0.0	0.5	9259.0	16461.0	0.0	623081.0	3.0	3.0,3.0,3.0,4.0,	5.0,5.0,2.0,
16137.0	2016.0	1.0	4.0	0.0	2.0	1.0	0.0	0.3	43674.0	22453.0	1.0	266672.0	4.0	4.0,4.0,2.0,4.0,	4.0,3.0,2.0,
82554.0	2016.0	1.0	9.0	0.0	3.0	1.0	1.0	14.0	15744.0	7557.0	1.0	814722.0	4.0	4.0,2.0,3.0,4.0,	5.0,5.0,5.0,
17986.0	2016.0	1.0	15.0	0.0	3.0	0.0	0.0	6.3	1211.0	3421.0	1.0	334554.0	1.0	4.0,4.0,3.0,2.0,	5.0,5.0,5.0,
12551.0	2016.0	1.0	15.0	0.0	3.0	1.0	0.0	0.0	0.0	171.0	0.0	243208.0	1.0	4.0,4.0,4.0,3.0,	5.0,2.0,
28771.0	2016.0	1.0	16.0	0.0	3.0	1.0	1.0	0.0	1631.0	63473.0	0.0	371660.0	1.0	1.0,1.0,1.0,1.0,	5.0,4.0,5.0,
100148.0	2016.0	1.0	29.0	7.0	3.0	0.0	1.0	9.8	6801.0	48489.0	1.0	900318.0	2.0	4.0,4.0,4.0,4.0,	5.0,5.0,4.0,5.0,
338977.0	2016.0	2.0	8.0	7.0	3.0	0.0	0.0	4.0	81918.0	87456.0	0.0	1570815.0	4.0	4.0,3.0,3.0,3.0,	4.0,5.0,3.0,5.0,
120009.0	2016.0	2.0	8.0	7.0	3.0	1.0	0.0	4.5	5455.0	13910.0	0.0	736917.0	3.0	3.0,4.0,3.0,2.0,	5.0,5.0,5.0,
111723.0	2016.0	2.0	8.0	7.0	3.0	0.0	1.0	2.5	20463.0	38544.0	0.0	701278.0	4.0	4.0,4.0,4.0,3.0,	5.0,5.0,
12988.0	2016.0	2.0	14.0	0.0	4.0	0.0	0.0	0.1	28797.0	2420.0	0.0	171921.0	1.0	2.0,4.0,3.0,3.0,	5.0,3.0,
25606.0	2016.0	2.0	19.0	0.0	1.0	1.0	1.0	4.9	0.0	4791.0	0.0	374881.0	3.0	4.0,3.0,3.0,2.0,	4.0,5.0,5.0,5.0,
153008.0	2016.0	3.0	4.0	0.0	2.0	0.0	0.0	14.0	11036.0	3507.0	1.0	1115092.0	3.0	3.0,3.0,3.0,2.0,	5.0,4.0,5.0,
80214.0	2016.0	3.0	4.0	0.0	2.0	0.0	1.0	2.0	24961.0	27040.0	0.0	-1.0	3.0	4.0,3.0,3.0,3.0,	4.0,5.0,3.0,
23536.0	2016.0	3.0	11.0	0.0	3.0	0.0	0.0	7.0	332.0	3716.0	1.0	362479.0	3.0	4.0,3.0,3.0,2.0,	5.0,5.0,
37740.0	2016.0	3.0	18.0	0.0	5.0	0.0	0.0	9.1	805554.0	42903.0	1.0	472770.0	4.0	4.0,2.0,4.0,4.0,	4.0,5.0,3.0,
61911.0	2016.0	3.0	25.0	0.0	4.0	1.0	1.0	28.7	9059.0	19215.0	1.0	633441.0	4.0	4.0,4.0,4.0,4.0,	5.0,5.0,5.0,5.0,
37053.0	2016.0	4.0	1.0	3.0	5.0	0.0	0.0	0.3	1960.0	26283.0	0.0	560327.0	2.0	4.0,4.0,4.0,3.0,	4.0,3.0,5.0,
32443.0	2016.0	4.0	1.0	3.0	5.0	0.0	0.0	0.0	5633.0	9885.0	0.0	503348.0	3.0	3.0,4.0,2.0,2.0,	4.0,5.0,5.0,2.0,
12782.0	2016.0	4.0	1.0	3.0	4.0	1.0	0.0	0.0	0.0	26685.0	0.0	303836.0	1.0	3.0,3.0,2.0,2.0,	4.0,3.0,
33981.0	2016.0	4.0	8.0	0.0	4.0	0.0	0.0	4.2	2257.0	9958.0	1.0	553862.0	1.0	4.0,3.0,4.0,3.0,	5.0,5.0,3.0,
97922.0	2016.0	4.0	15.0	3.0	4.0	0.0	0.0	12.25	2639.0	10907.0	1.0	989121.0	3.0	2.0,2.0,4.0,3.0,	4.0,5.0,5.0,
17987.0	2016.0	4.0	22.0	3.0	2.0	1.0	0.0	0.0	12820.0	14787.0	0.0	323907.0	2.0	3.0,2.0,2.0,2.0,	3.0,
78653.0	2016.0	4.0	29.0	3.0	2.0	0.0	1.0	0.6	12846.0	12216.0	0.0	741968.0	3.0	4.0,4.0,3.0,3.0,	4.0,5.0,3.0,
124562.0	2016.0	5.0	6.0	0.0	2.0	1.0	1.0	18.9	63697.0	63730.0	1.0	1103756.0	2.0	4.0,4.0,4.0,4.0,	5.0,5.0,5.0,
51373.0	2016.0	5.0	20.0	0.0	4.0	1.0	0.0	11.2	12310.0	12895.0	1.0	738561.0	0.0	3.0,2.0,2.0,2.0,	5.0,5.0,4.0,
12204.0	2016.0	5.0	20.0	0.0	2.0	1.0	1.0	9.94	1850.0	3174.0	1.0	293368.0	2.0	4.0,3.0,4.0,4.0,	3.0,5.0,5.0,5.0,
38697.0	2016.0	5.0	27.0	3.0	3.0	1.0	1.0	11.9	1946.0	6489.0	1.0	724081.0	2.0	4.0,4.0,4.0,4.0,	5.0,3.0,5.0,
80245.0	2016.0	6.0	3.0	3.0	3.0	1.0	1.0	12.46	11607.0	28057.0	1.0	892633.0	3.0	4.0,4.0,4.0,3.0,	5.0,5.0,5.0,5.0,
147177.0	2016.0	6.0	8.0	3.0	5.0	1.0	0.0	11.2	7454.0	38460.0	1.0	1416121.0	4.0	3.0,3.0,3.0,3.0,	5.0,5.0,5.0,5.0,
25411.0	2016.0	6.0	17.0	0.0	3.0	0.0	1.0	0.0	1210.0	2807.0	1.0	511738.0	3.0	3.0,3.0,2.0,3.0,	5.0,4.0,5.0,3.0,
63870.0	2016.0	6.0	24.0	0.0	6.0	0.0	1.0	5.25	8685.0	26991.0	1.0	632959.0	2.0	4.0,4.0,4.0,4.0,	5.0,5.0,5.0,
50306.0	2016.0	6.0	24.0	0.0	6.0	0.0	1.0	14.0	11086.0	18650.0	1.0	520148.0	3.0	3.0,3.0,2.0,3.0,	5.0,5.0,5.0,3.0,
21334.0	2016.0	7.0	1.0	0.0	6.0	0.0	0.0	2.0	1517.0	62709.0	0.0	305671.0	1.0	4.0,4.0,3.0,3.0,	5.0,
39343.0	2016.0	7.0	2.0	0.0	6.0	1.0	1.0	9.45	3203.0	7948.0	1.0	465789.0	1.0	4.0,3.0,4.0,3.0,	5.0,5.0,5.0,5.0,
67803.0	2016.0	7.0	8.0	0.0	7.0	0.0	1.0	1.5	20560.0	21607.0	0.0	614818.0	2.0	3.0,4.0,4.0,4.0,	4.0,5.0,3.0,
56505.0	2016.0	7.0	8.0	0.0	7.0	0.0	0.0	0.3	44631.0	68292.0	0.0	606956.0	2.0	2.0,2.0,3.0,4.0,	4.0,5.0,
33655.0	2016.0	7.0	8.0	0.0	7.0	1.0	0.0	0.6	9621.0	12993.0	0.0	427357.0	1.0	4.0,4.0,3.0,3.0,	4.0,3.0,
19202.0	2016.0	7.0	15.0	0.0	5.0	0.0	0.0	0.5	1810.0	3234.0	0.0	324244.0	4.0	2.0,4.0,3.0,3.0,	5.0,3.0,
30603.0	2016.0	7.0	19.0	0.0	7.0	1.0	0.0	12.6	1363.0	3179.0	1.0	430662.0	3.0	4.0,4.0,4.0,4.0,	5.0,5.0,
88913.0	2016.0	7.0	21.0	0.0	6.0	0.0	0.0	2.0	14899.0	11506.0	0.0	909816.0	2.0	4.0,3.0,4.0,3.0,	5.0,5.0,
28380.0	2016.0	7.0	29.0	0.0	5.0	1.0	0.0	5.0	17351.0	13043.0	0.0	428666.0	2.0	4.0,4.0,3.0,4.0,	4.0,5.0,5.0,
38914.0	2016.0	8.0	2.0	0.0	4.0	0.0	0.0	5.25	2754.0	5142.0	1.0	506636.0	2.0	3.0,3.0,3.0,3.0,	5.0,4.0,
100407.0	2016.0	8.0	5.0	0.0	6.0	1.0	0.0	1.3	70057.0	111942.0	0.0	867486.0	2.0	3.0,4.0,2.0,4.0,	5.0,5.0,
15636.0	2016.0	8.0	5.0	0.0	6.0	1.0	0.0	0.0	4516.0	5678.0	0.0	294415.0	1.0	4.0,3.0,2.0,3.0,	4.0,3.0,
60609.0	2016.0	8.0	11.0	0.0	4.0	1.0	0.0	0.0	9523.0	15896.0	0.0	747835.0	1.0	4.0,4.0,3.0,4.0,	5.0,3.0,
27550.0	2016.0	8.0	12.0	0.0	5.0	1.0	0.0	0.0	182234.0	129811.0	0.0	451497.0	2.0	4.0,3.0,2.0,3.0,	3.0,
16733.0	2016.0	8.0	12.0	0.0	5.0	0.0	0.0	0.0	2726.0	13761.0	0.0	258912.0	3.0	4.0,4.0,4.0,4.0,	5.0,1.0,2.0,
44716.0	2016.0	8.0	23.0	0.0	4.0	0.0	1.0	7.35	2986.0	3185.0	1.0	821563.0	2.0	4.0,3.0,2.0,3.0,	5.0,4.0,5.0,
44702.0	2016.0	8.0	23.0	0.0	4.0	0.0	1.0	8.4	9019.0	14203.0	1.0	756325.0	3.0	4.0,4.0,3.0,4.0,	5.0,5.0,2.0,
44077.0	2016.0	9.0	2.0	3.0	3.0	0.0	1.0	12.81	3195.0	30474.0	1.0	783213.0	3.0	4.0,4.0,3.0,4.0,	5.0,5.0,5.0,
11202.0	2016.0	9.0	9.0	3.0	5.0	0.0	0.0	3.15	1063.0	3457.0	1.0	289186.0	3.0	4.0,4.0,2.0,2.0,	5.0,3.0,5.0,
36582.0	2016.0	9.0	14.0	3.0	4.0	1.0	1.0	1.1	10031.0	13828.0	0.0	740693.0	4.0	3.0,3.0,3.0,2.0,	4.0,5.0,5.0,
20904.0	2016.0	9.0	14.0	3.0	4.0	0.0	1.0	0.0	4602.0	6687.0	0.0	512996.0	2.0	4.0,4.0,3.0,3.0,	4.0,5.0,3.0,
16692.0	2016.0	9.0	14.0	3.0	4.0	1.0	0.0	0.0	8031.0	23089.0	0.0	422876.0	3.0	4.0,4.0,2.0,2.0,	4.0,3.0,
13588.0	2016.0	9.0	14.0	3.0	4.0	0.0	0.0	0.0	12525.0	5218.0	0.0	362599.0	3.0	4.0,4.0,3.0,4.0,	4.0,5.0,3.0,2.0,
81396.0	2016.0	9.0	29.0	7.0	3.0	1.0	0.0	0.5	15981.0	31320.0	0.0	1022123.0	3.0	4.0,4.0,4.0,3.0,	5.0,3.0,
118392.0	2016.0	9.0	30.0	7.0	3.0	1.0	0.0	2.0	3098.0	47729.0	0.0	1270116.0	3.0	4.0,4.0,2.0,1.0,	4.0,5.0,3.0,
38264.0	2016.0	9.0	30.0	7.0	3.0	1.0	0.0	2.0	34073.0	73395.0	0.0	548292.0	3.0	4.0,4.0,3.0,4.0,	5.0,4.0,5.0,5.0,
26013.0	2016.0	9.0	30.0	7.0	3.0	0.0	0.0	0.0	1945.0	30299.0	0.0	450246.0	3.0	4.0,3.0,3.0,2.0,	5.0,5.0,5.0,
14322.0	2016.0	10.0	14.0	0.0	2.0	1.0	0.0	9.8	1847.0	2294.0	1.0	368891.0	4.0	3.0,0.0,4.0,2.0,	5.0,3.0,5.0,
11430.0	2016.0	10.0	20.0	0.0	4.0	0.0	0.0	0.8	6316.0	2066.0	0.0	342679.0	1.0	4.0,4.0,4.0,4.0,	4.0,5.0,3.0,2.0,
33883.0	2016.0	10.0	21.0	0.0	1.0	0.0	1.0	0.7	11970.0	25818.0	1.0	671975.0	3.0	4.0,4.0,4.0,3.0,	5.0,5.0,3.0,
17302.0	2016.0	10.0	28.0	0.0	4.0	0.0	0.0	0.1	2018.0	7362.0	0.0	428176.0	0.0	4.0,2.0,2.0,0.0,	4.0,5.0,
13429.0	2016.0	10.0	28.0	0.0	4.0	0.0	0.0	5.25	1507.0	7368.0	1.0	319725.0	3.0	4.0,4.0,2.0,3.0,	5.0,2.0,
75155.0	2016.0	11.0	4.0	0.0	2.0	0.0	0.0	11.55	12661.0	23550.0	1.0	1051479.0	4.0	4.0,4.0,4.0,3.0,	5.0,2.0,5.0,
16512.0	2016.0	11.0	11.0	0.0	2.0	1.0	0.0	3.36	1270.0	1233.0	1.0	341118.0	4.0	4.0,4.0,4.0,2.0,	4.0,5.0,3.0,
48358.0	2016.0	11.0	18.0	0.0	3.0	1.0	0.0	0.5	60198.0	13915.0	0.0	606801.0	4.0	4.0,3.0,3.0,4.0,	4.0,5.0,
58921.0	2016.0	11.0	25.0	0.0	3.0	1.0	0.0	15.75	7519.0	27458.0	1.0	682071.0	3.0	4.0,3.0,3.0,2.0,	5.0,3.0,5.0,
21438.0	2016.0	11.0	25.0	0.0	4.0	0.0	0.0	10.5	1332.0	4439.0	1.0	347836.0	2.0	2.0,4.0,2.0,2.0,	5.0,5.0,4.0,5.0,
57674.0	2016.0	12.0	2.0	0.0	4.0	0.0	0.0	0.5	97205.0	81185.0	1.0	800737.0	4.0	3.0,2.0,4.0,2.0,	4.0,3.0,4.0,
11831.0	2016.0	12.0	2.0	0.0	5.0	1.0	0.0	7.7	3273.0	7487.0	1.0	245615.0	4.0	4.0,4.0,4.0,4.0,	5.0,5.0,
42659.0	2016.0	12.0	8.0	0.0	5.0	0.0	0.0	3.85	1599.0	38508.0	1.0	619183.0	4.0	4.0,4.0,3.0,4.0,	4.0,5.0,4.0,3.0,
12930.0	2016.0	12.0	9.0	0.0	5.0	0.0	0.0	0.2	27443.0	38591.0	0.0	319361.0	2.0	4.0,4.0,3.0,3.0,	5.0,3.0,5.0,
117455.0	2016.0	12.0	16.0	0.0	5.0	0.0	0.0	10.0	29486.0	47297.0	0.0	1252662.0	4.0	4.0,3.0,3.0,4.0,	4.0,5.0,5.0,5.0,
12200.0	2016.0	12.0	16.0	0.0	5.0	0.0	0.0	0.3	2129.0	4886.0	0.0	301307.0	3.0	4.0,4.0,4.0,3.0,	4.0,5.0,2.0,
69905.0	2016.0	12.0	23.0	7.0	4.0	1.0	0.0	7.0	16107.0	39523.0	0.0	849988.0	2.0	4.0,3.0,3.0,4.0,	5.0,5.0,
48300.0	2016.0	12.0	23.0	3.0	5.0	0.0	0.0	4.0	31302.0	32700.0	0.0	651613.0	3.0	4.0,4.0,4.0,4.0,	5.0,3.0,
65861.0	2016.0	12.0	30.0	3.0	5.0	0.0	0.0	0.4	2604.0	5168.0	0.0	1017053.0	2.0	3.0,3.0,2.0,2.0,	5.0,
